0  1763540
1  1764012
2  1763912
3  1765136
4  1767392
5  1767508
6  1766988
7  1767524
8  1767616
9  1767500
10  1764632
11  1764624
12  1764376
13  1764012
14  1763880
15  1764020
16  1764012
17  1764144
18  1763888
19  1764004
20  1764508
21  1764400
22  1763912
23  1764004
24  1764144
25  1763772
26  1763796
27  1763640
28  1763864
29  1763996
30  1764104
31  1764236
32  1764368
33  1763616
34  1763492
35  1763632
36  1763880
37  1763500
38  1763500
39  1763848
40  1763624
41  1763616
42  1764236
43  1764144
44  1764012
45  1763872
46  1763492
47  1764004
48  1763508
49  1764152
50  1764012
51  1763748
52  1763492
53  1764112
54  1763516
55  1763872
56  1763888
57  1764244
58  1764004
59  1763748
60  1763756
61  1763740
62  1763756
63  1763756
64  1764020
65  1763360
66  1763748
67  1764244
68  1763988
69  1763888
70  1763376
71  1764004
72  1763492
73  1763500
74  1763764
75  1763880
76  1763508
77  1764004
78  1764012
79  1763616
80  1764128
81  1763756
82  1763624
83  1763872
84  1763772
85  1764136
86  1763880
87  1764128
88  1764120
89  1764088
90  1764048
91  1764204
92  1764088
93  1764064
94  1763964
95  1764460
96  1764056
97  1763940
98  1763940
99  1766436
100  1766336
101  1766228
102  1766040
103  1764096
104  1763940
105  1764348
106  1764576
107  1763972
108  1771080
109  1781788
110  1785124
111  1784660
112  1784008
113  1784336
114  1784664
115  1772520
116  1772644
117  1772644
118  1773124
119  1772784
120  1772792
121  1772760
122  1772768
123  1772612
124  1772628
125  1773092
126  1772488
127  1772232
128  1771984
129  1772720
130  1772612
131  1772480
132  1772380
133  1772464
134  1772240
135  1772828
136  1774248
137  1774960
138  1774464
139  1777944
140  1784368
141  1779160
142  1779028
143  1778904
144  1779276
145  1767388
146  1767372
147  1768132
148  1773996
149  1773108
150  1776492
151  1776420
152  1776960
153  1776572
154  1776208
155  1776356
156  1776192
157  1764824
158  1764692
159  1764552
160  1764312
161  1764460
162  1764320
163  1764512
164  1764724
165  1765188
166  1765964
167  1765592
168  1782416
169  1782204
170  1782360
171  1782104
172  1781740
173  1781020
174  1781292
175  1773960
176  1774084
177  1774100
178  1774092
179  1773960
180  1773960
181  1774200
182  1774308
183  1774292
184  1773928
185  1774844
186  1774192
187  1774308
188  1785420
189  1785568
190  1785600
191  1791224
192  1791676
193  1791428
194  1791488
195  1783508
196  1783376
197  1782004
198  1781944
199  1779780
