0  1780836
1  1780332
2  1780912
3  1784380
4  1784828
5  1784952
6  1784300
7  1783828
8  1784332
9  1781108
10  1781076
11  1781068
12  1781084
13  1780836
14  1780960
15  1781076
16  1780836
17  1781092
18  1781216
19  1781224
20  1780960
21  1780852
22  1781216
23  1781232
24  1781216
25  1780960
26  1781092
27  1780960
28  1780876
29  1780704
30  1780456
31  1780572
32  1780828
33  1780232
34  1781060
35  1781036
36  1781200
37  1780440
38  1780820
39  1780836
40  1780596
41  1780448
42  1780828
43  1780712
44  1780720
45  1780704
46  1781100
47  1780200
48  1780728
49  1780704
50  1780860
51  1780720
52  1780472
53  1780440
54  1780448
55  1781092
56  1780828
57  1780712
58  1780968
59  1780704
60  1780564
61  1780588
62  1780960
63  1780488
64  1780820
65  1780448
66  1780852
67  1780588
68  1780448
69  1780704
70  1780844
71  1780556
72  1780688
73  1780960
74  1780712
75  1780944
76  1780828
77  1780952
78  1780464
79  1780904
80  1780960
81  1780488
82  1780952
83  1780960
84  1780852
85  1780704
86  1780704
87  1780820
88  1780868
89  1780712
90  1780696
91  1780720
92  1780952
93  1781092
94  1781316
95  1780820
96  1780952
97  1780588
98  1780564
99  1780796
100  1780440
101  1780728
102  1780332
103  1780448
104  1780480
105  1780572
106  1780480
107  1780060
108  1780084
109  1779952
110  1780216
111  1780092
112  1779720
113  1779836
114  1780068
115  1779812
116  1780192
117  1780448
118  1780456
119  1780240
120  1780316
121  1780480
122  1780512
123  1780388
124  1780616
125  1780252
126  1779904
127  1780176
128  1779856
129  1780424
130  1781788
131  1780500
132  1780128
133  1779880
134  1780432
135  1780624
136  1780160
137  1780028
138  1780160
139  1780120
140  1780012
141  1780144
142  1781200
143  1780700
144  1780384
145  1780384
146  1780624
147  1780508
148  1780632
149  1780516
150  1780516
151  1780872
152  1780756
153  1781020
154  1780376
155  1780432
156  1780920
157  1780556
158  1780360
159  1780540
160  1780804
161  1780532
162  1780732
163  1780732
164  1780632
165  1780376
166  1780732
167  1780500
168  1780260
169  1780376
170  1780260
171  1780656
172  1780532
173  1780648
174  1780680
175  1780580
176  1780788
177  1780400
178  1780540
179  1780796
180  1780548
181  1780384
182  1780680
183  1781108
184  1780928
185  1780284
186  1780804
187  1780564
188  1780036
189  1780540
190  1780828
191  1780796
192  1780912
193  1780836
194  1781060
195  1780728
196  1780276
197  1780176
198  1780152
199  1779968
