0  2450112
1  2450516
2  2451564
3  2451672
4  2451644
5  2454308
6  2454856
7  2456372
8  2456892
9  2456800
10  2457504
11  2457900
12  2458684
13  2459388
14  2459332
15  2459628
16  2459752
17  2459348
18  2458364
19  2458768
20  2458736
21  2458372
22  2458488
23  2458256
24  2458356
25  2458116
26  2458272
27  2458156
28  2458512
29  2458264
30  2458372
31  2458148
32  2458032
33  2458792
34  2458576
35  2458288
36  2458660
37  2458768
38  2458288
39  2458064
40  2458404
41  2458528
42  2458676
43  2458692
44  2458496
45  2458264
46  2458620
47  2458768
48  2458380
49  2458132
50  2458380
51  2458504
52  2458140
53  2462828
54  2462728
55  2462580
56  2462588
57  2462908
58  2462660
59  2462440
60  2463084
61  2462704
62  2462960
63  2463208
64  2463100
65  2463704
66  2463448
67  2463828
68  2464044
69  2464060
70  2463672
71  2463944
72  2463780
73  2463812
74  2463912
75  2463944
76  2464036
77  2464028
78  2464068
79  2464060
80  2464160
81  2464152
82  2464152
83  2464548
84  2469352
85  2469112
86  2470096
87  2469848
88  2469856
89  2469600
90  2469864
91  2469872
92  2470492
93  2470228
94  2470128
95  2469732
96  2469972
97  2477724
98  2478872
99  2489544
100  2499192
101  2500332
102  2526988
103  2532040
104  2536188
105  2542024
106  2510652
107  2516440
108  2531288
109  2533940
110  2541704
111  2549996
112  2568720
113  2567820
114  2573664
115  2582228
116  2591908
117  2591668
118  2595784
119  2595248
120  2595396
121  2595504
122  2595636
123  2595744
124  2595280
125  2595132
126  2595528
127  2595240
128  2595248
129  2595140
130  2595272
131  2594744
132  2594844
133  2594976
134  2595100
135  2594984
136  2594868
137  2594728
138  2594728
139  2594736
140  2595108
141  2594712
142  2595224
143  2595248
144  2594852
145  2594852
146  2595084
147  2594976
148  2595240
149  2594364
150  2594712
151  2594512
152  2594480
153  2594364
154  2594604
155  2594480
156  2594620
157  2594348
158  2594140
159  2594628
160  2594728
161  2594976
162  2594628
163  2594908
164  2594348
165  2594564
166  2594016
167  2594148
168  2594612
169  2594876
170  2594480
171  2594356
172  2594604
173  2594504
174  2594240
175  2594372
176  2594612
177  2594652
178  2594032
179  2594024
180  2593744
181  2594000
182  2594124
183  2594612
184  2594488
185  2594760
186  2594604
187  2594232
188  2594364
189  2594240
190  2594224
191  2593992
192  2594380
193  2594356
194  2594736
195  2594332
196  2594256
197  2594364
198  2594612
199  2594256
