0  1842152
1  1845716
2  1847460
3  1850104
4  1853128
5  1855252
6  1857532
7  1859524
8  1867592
9  1866000
10  1878580
11  1880504
12  1882124
13  1884824
14  1887336
15  1890444
16  1892568
17  1894056
18  1894708
19  1897816
20  1898940
21  1900948
22  1903584
23  1909552
24  1911536
25  1917348
26  1918504
27  1927540
28  1929240
29  1930884
30  1932072
31  1932824
32  1933304
33  1934948
34  1935368
35  1938812
36  1940556
37  1941580
38  1968840
39  1970560
40  2002836
41  2025096
42  2035644
43  2035676
44  2035304
45  2035676
46  2037724
47  2049148
48  2049124
49  2047916
50  2049132
51  2050272
52  2048896
53  2048532
54  2049144
55  2052112
56  2053716
57  2058608
58  2059244
59  2058320
60  2057896
61  2059168
62  2059424
63  2060112
64  2061220
65  2061756
66  2064104
67  2064244
68  2066168
69  2067656
70  2073136
71  2074136
72  2076368
73  2083568
74  2086600
75  2091088
76  2090856
77  2091928
78  2094068
79  2095084
80  2090504
81  2093496
82  2097648
83  2098952
84  2102420
85  2098504
86  2100672
87  2099448
88  2099812
89  2112896
90  2115252
91  2117028
92  2127320
93  2135124
94  2138084
95  2148912
96  2158552
97  2165692
98  2179752
99  2181080
100  2181600
101  2183568
102  2193328
103  2199832
104  2210272
105  2208272
106  2207940
107  2212792
108  2213924
109  2218172
110  2218040
111  2217544
112  2221768
113  2219032
114  2217188
115  2221552
116  2222288
117  2223900
118  2228852
119  2230596
120  2233016
121  2238240
122  2248828
123  2259740
124  2262840
125  2255152
126  2258800
127  2271596
128  2271844
129  2273688
130  2275612
131  2275800
132  2276564
133  2279912
134  2282284
135  2284176
136  2287384
137  2291344
138  2298228
139  2304420
140  2305164
141  2319364
142  2334844
143  2341036
144  2355800
145  2363488
146  2372656
147  2383960
148  2386064
149  2388360
150  2395428
151  2400656
152  2405864
153  2407360
154  2407740
155  2410700
156  2414764
157  2416516
158  2422424
159  2430880
160  2429052
161  2428116
162  2430272
163  2431768
164  2433504
165  2433784
166  2433884
167  2436124
168  2435024
169  2437528
170  2438156
171  2438180
172  2441008
173  2442428
174  2446512
175  2448588
176  2449628
177  2451140
178  2452908
179  2453652
180  2455504
181  2461084
182  2458016
183  2462636
184  2466852
185  2467612
186  2469588
187  2474044
188  2470312
189  2454340
190  2457392
191  2458872
192  2459772
193  2463640
194  2463892
195  2455724
196  2455924
197  2454304
198  2453320
199  2453708
